198
199
200
204
206
207
208
209
210
211
212
213
214
216
218
219
220
221
222
223
224
226
227
228
229
230
231
232
233
235
236
237
238
239
241
242
244
245
246
247
250
252
253
255
256
257
258
259
260
261
263
264
265
266
267
270
271
272
273
274
275
276
277
278
284
285
287
290
291
292
293
296
297
299
86
87
89
90
93
94
95
96
97
98
99
100
101
103
106
110
112
113
114
116
118
119
120
121
122
123
124
125
126
127
128
129
131
132
134
135
136
137
139
140
145
146
147
153
154
155
156
158
159
160
161
162
163
164
165
166
167
168
169
170
171
172
173
174
175
176
177
178
179
180
181
182
183
184
185
186
187
188
189
190
191
194
195
196
197
1
2
3
4
5
6
7
8
9
10
11
12
13
15
16
17
18
19
20
21
22
23
24
25
26
27
28
29
30
32
33
34
35
36
37
38
39
40
41
42
43
44
45
46
47
50
51
52
53
54
55
56
57
58
59
60
61
62
63
64
65
66
67
72
73
74
75
76
77
78
79
80
81
82
83
84
